268
0 30 306 4 7 24 93 58
1 156 167 4 220 52 69 120
2 238 290 3 9 33 223
3 243 323 3 4 250 225
4 241 312 4 3 9 32 180
5 27 149 4 14 18 15 111
6 33 176 3 18 77 111
7 37 294 5 0 30 104 92 122
8 261 282 3 222 106 257
9 241 301 4 2 4 222 250
10 221 266 3 106 223 141
11 227 167 4 84 95 126 123
12 176 294 5 72 36 265 230 266
13 121 339 2 73 74
14 12 154 4 5 17 78 82
15 22 131 5 78 82 41 5 17
16 17 183 3 77 17 111
17 17 169 5 14 18 16 15 190
18 35 165 5 6 5 17 80 82
19 37 97 6 20 161 89 82 79 101
20 49 98 5 19 110 43 136 204
21 41 326 3 24 30 93
22 56 338 3 50 24 93
23 28 343 2 50 24
24 26 324 5 0 22 23 21 92
25 175 207 2 35 229
26 183 167 4 52 145 45 183
27 164 121 3 151 56 55
28 105 163 4 98 170 184 75
29 9 264 3 59 31 92
30 47 295 3 7 60 21
31 30 254 7 29 38 104 76 192 190 245
32 263 311 3 4 222 224
33 239 279 4 2 106 222 188
34 264 219 2 221 261
35 173 233 5 178 182 25 189 261
36 161 315 4 70 108 12 187
37 2 183 2 44 191
38 34 240 6 39 31 40 105 59 77
39 27 223 4 76 190 38 192
40 0 221 2 76 38
41 27 115 3 15 89 43
42 3 144 3 44 146 243
43 53 122 4 20 79 41 172
44 0 169 4 42 81 37 209
45 204 167 5 140 95 84 147 26
46 238 145 4 113 149 95 126
47 244 0 3 239 237 252
48 259 5 2 239 237
49 6 1 2 240 206
50 51 330 2 22 23
51 179 197 3 145 94 147
52 170 167 4 26 1 140 158
53 238 211 4 66 123 63 107
54 255 203 3 123 65 126
55 160 98 3 160 157 27
56 142 125 4 27 167 210 128
57 76 137 2 131 170
58 0 253 2 177 0
59 29 266 3 29 104 38
60 59 295 4 30 122 255 104
61 106 295 3 138 246 255
62 112 321 2 165 137
63 216 199 3 53 183 64
64 233 179 5 126 95 123 84 63
65 251 224 3 66 54 107
66 234 227 4 65 141 53 68
67 241 257 3 106 141 222
68 215 233 4 66 189 107 182
69 144 168 5 1 184 158 227 258
70 174 311 4 72 36 265 230
71 181 325 2 181 257
72 183 305 4 12 187 70 188
73 148 325 2 109 13
74 144 339 2 109 13
75 79 168 4 131 259 80 28
76 16 222 5 39 40 105 77 31
77 25 190 5 6 16 190 76 38
78 11 127 3 15 88 14
79 66 127 4 43 136 110 19
80 61 168 4 18 111 75 218
81 1 134 3 44 191 240
82 38 133 5 15 18 14 19 111
83 211 125 4 148 86 253 114
84 216 167 4 11 45 64 183
85 235 111 3 86 153 116
86 238 121 6 85 83 149 113 115 232
87 222 40 6 117 154 234 198 193 267
88 9 101 3 89 78 161
89 20 97 4 19 88 204 41
90 49 5 2 121 175
91 28 1 4 163 121 205 211
92 13 298 3 24 7 29
93 2 305 4 22 0 218 21
94 169 195 3 51 144 226
95 233 157 4 11 46 64 45
96 122 123 3 167 169 210
97 131 139 4 120 208 184 220
98 94 166 6 28 131 259 244 209 132
99 81 31 3 215 213 174
100 115 98 4 171 127 133 136
101 28 67 6 103 102 204 176 19 241
102 47 65 3 101 217 161
103 28 53 4 101 242 216 203
104 32 282 4 7 59 31 60
105 46 234 5 38 76 192 245 190
106 241 267 5 33 10 67 107 8
107 239 247 5 106 65 141 68 53
108 158 300 4 228 36 265 266
109 156 339 4 74 73 181 257
110 59 98 3 20 172 79
111 48 168 6 6 16 80 5 131 82
112 198 99 4 157 148 253 114
113 218 135 2 46 86
114 181 128 3 151 112 83
115 257 104 2 153 86
116 228 99 4 232 85 253 193
117 206 33 5 194 238 87 201 196
118 155 35 4 119 202 200 247
119 140 35 3 118 168 134
120 149 141 4 158 227 97 1
121 39 10 3 90 264 91
122 73 295 5 60 7 246 138 177
123 238 195 5 54 53 64 11 147
124 265 197 2 139 150
125 265 164 2 139 150
126 257 170 4 64 11 46 54
127 129 98 7 128 100 210 167 172 129 159
128 140 98 5 127 160 56 171 157
129 138 69 2 160 127
130 122 57 2 166 168
131 81 157 4 75 98 111 57
132 109 137 2 170 98
133 106 112 4 100 169 172 210
134 106 32 4 247 135 214 119
135 109 20 5 213 134 168 174 215
136 73 98 4 20 172 79 100
137 126 295 7 138 225 228 246 62 265 255
138 116 295 5 61 137 165 186 122
139 265 175 2 124 125
140 193 167 4 45 52 183 145
141 235 237 6 66 107 67 189 182 10
142 162 207 3 221 182 262
143 134 188 4 226 185 258 144
144 159 192 3 94 220 143
145 183 183 3 51 26 140
146 0 210 2 42 191
147 205 197 4 51 123 183 45
148 201 117 3 83 151 112
149 239 133 3 46 86 153
150 265 132 4 125 124 155 251
151 184 112 5 27 114 157 148 253
152 239 64 6 193 234 195 232 253 267
153 245 107 6 115 85 149 232 253 193
154 208 51 4 195 238 87 201
155 263 34 2 199 150
156 248 34 3 267 234 194
157 179 97 4 55 151 112 128
158 152 151 4 120 69 52 220
159 151 69 2 160 127
160 155 83 5 55 129 159 128 210
161 31 86 4 19 204 102 88
162 54 14 2 260 264
163 21 9 3 91 207 175
164 87 234 5 192 179 245 256 249
165 101 307 4 62 138 246 255
166 111 59 2 130 173
167 132 125 3 96 56 127
168 126 35 5 247 119 130 135 202
169 110 126 3 96 133 171
170 102 151 5 28 132 209 57 208
171 104 99 4 100 169 172 128
172 85 98 6 110 43 171 133 136 127
173 104 50 3 166 214 247
174 74 41 6 231 214 99 217 260 135
175 30 21 5 264 163 216 242 90
176 14 58 4 242 101 203 216
177 1 233 2 58 122
178 156 233 4 35 229 262 221
179 106 233 3 219 164 262
180 220 321 3 250 4 225
181 186 336 3 71 224 109
182 191 233 4 35 68 142 141
183 201 183 5 63 140 147 84 26
184 131 164 5 185 69 209 97 28
185 120 186 4 184 143 259 244
186 138 295 5 228 138 265 266 246
187 190 312 4 72 230 36 265
188 204 287 4 223 230 72 33
189 204 233 3 68 141 35
190 24 209 5 39 77 17 105 31
191 1 198 3 81 146 37
192 59 234 4 105 31 164 39
193 238 76 5 116 152 254 153 87
194 214 24 4 117 198 156 197
195 220 60 3 154 152 254
196 193 15 4 235 233 117 200
197 230 3 2 252 194
198 223 14 3 194 233 87
199 265 58 2 155 251
200 171 35 4 201 238 118 196
201 185 34 5 235 117 200 154 233
202 152 16 2 118 168
203 11 77 3 204 176 103
204 21 81 5 89 161 203 101 20
205 59 0 2 212 91
206 3 29 2 243 49
207 9 17 3 163 241 264
208 120 139 3 170 97 227
209 118 162 5 170 44 184 98 227
210 139 113 5 160 127 56 96 133
211 81 0 2 212 91
212 89 8 4 211 205 252 263
213 97 19 5 135 214 99 247 260
214 94 36 5 134 173 213 174 215
215 73 22 6 99 260 214 231 217 135
216 34 40 5 103 175 217 241 176
217 51 43 5 102 174 216 264 215
218 1 272 3 93 80 256
219 116 234 4 179 249 245 256
220 156 177 6 1 144 226 158 97 258
221 149 213 4 142 178 249 34
222 252 288 5 9 8 33 32 67
223 219 287 3 188 2 10
224 212 329 3 181 257 32
225 201 320 3 180 3 137
226 143 196 3 143 220 94
227 140 148 4 120 69 208 209
228 149 295 3 108 186 137
229 146 234 4 178 249 261 25
230 193 287 4 12 188 187 70
231 64 43 3 174 215 264
232 233 90 6 116 153 152 86 237 254
233 210 11 4 196 198 238 201
234 237 49 4 152 87 156 254
235 197 26 3 238 196 201
236 187 5 2 252 263
237 235 18 3 47 48 232
238 197 38 5 117 235 154 200 233
239 249 12 5 47 48 267 254 253
240 2 69 3 81 243 49
241 10 41 4 242 207 216 101
242 21 45 4 103 241 176 175
243 0 41 3 206 240 42
244 95 189 3 98 248 185
245 77 234 4 105 164 219 31
246 96 295 5 61 122 165 137 186
247 116 35 5 168 134 173 213 118
248 108 198 3 244 259 258
249 126 234 5 219 262 221 229 164
250 230 318 4 180 3 9 257
251 264 91 2 199 150
252 216 2 4 236 197 47 212
253 216 97 7 116 153 112 151 239 83 152
254 256 64 5 193 239 234 232 195
255 83 295 4 60 165 61 137
256 108 208 4 218 164 219 262
257 206 339 5 71 224 250 109 8
258 122 198 4 143 248 69 220
259 93 178 4 75 98 248 185
260 65 15 4 215 162 174 213
261 152 253 4 229 262 35 34
262 136 234 6 178 249 261 256 179 142
263 148 5 2 236 212
264 41 22 6 121 175 217 162 231 207
265 160 288 6 12 70 108 186 137 187
266 157 273 3 186 108 12
267 254 24 4 239 156 87 152
