120
0 30 306 4 19 56 12 18
1 156 167 4 100 92 36 106
2 238 290 6 6 7 3 9 94 77
3 243 323 4 21 91 2 116
4 27 149 3 5 28 40
5 33 176 3 96 63 4
6 261 282 5 2 21 44 91 116
7 221 266 2 2 44
8 227 167 4 76 31 32 43
9 176 294 3 80 119 2
10 121 339 2 47 35
11 37 97 4 28 64 53 89
12 41 326 4 13 0 57 62
13 28 343 2 35 12
14 175 207 3 23 107 45
15 183 167 5 31 100 79 43 92
16 164 121 5 39 38 50 65 60
17 105 163 7 114 106 73 63 92 79 100
18 9 264 5 20 62 49 0 96
19 47 295 4 0 57 62 20
20 30 254 3 18 26 19
21 263 311 2 3 6
22 264 219 2 105 117
23 173 233 4 93 14 105 115
24 161 315 2 80 75
25 2 183 2 106 35
26 42 235 5 49 108 20 96 62
27 0 221 3 29 49 108
28 27 115 5 11 30 4 101 88
29 3 144 2 27 102
30 53 122 3 28 64 53
31 204 167 3 15 8 36
32 238 145 3 8 51 66
33 244 0 2 109 118
34 6 1 2 102 103
35 58 343 3 13 10 25
36 182 188 3 31 79 1
37 238 211 3 76 43 93
38 160 98 4 70 16 58 109
39 142 125 4 16 58 70 64
40 76 137 5 63 4 73 92 114
41 106 295 4 42 75 57 80
42 112 321 3 41 91 119
43 216 199 4 37 8 77 15
44 241 257 6 6 7 77 45 94 117
45 215 233 4 76 93 44 14
46 181 325 2 116 47
47 144 339 2 10 46
48 79 168 5 63 114 96 92 106
49 26 222 3 26 27 18
50 211 125 4 51 16 70 66
51 235 111 5 32 50 109 65 97
52 222 40 4 97 112 83 109
53 9 101 3 11 101 30
54 49 5 2 55 61
55 28 1 3 54 90 103
56 10 299 3 0 62 57
57 68 295 5 19 41 12 56 119
58 122 123 5 39 60 88 38 71
59 81 31 4 95 74 111 87
60 115 98 3 70 58 16
61 28 67 5 101 89 64 95 54
62 31 279 5 19 56 18 26 12
63 58 168 4 5 48 40 17
64 59 98 5 11 30 88 39 61
65 198 99 4 51 16 82 70
66 257 104 4 32 109 82 50
67 155 35 4 113 87 110 112
68 265 197 2 69 99
69 265 164 3 68 81 84
70 138 98 7 60 38 39 71 88 65 50
71 138 69 2 70 58
72 122 57 4 87 74 111 113
73 107 137 2 17 40
74 106 32 4 85 59 72 102
75 126 295 4 24 41 119 94
76 236 188 4 8 37 77 45
77 235 237 5 44 76 43 93 2
78 134 188 5 106 92 79 100 114
79 159 192 4 36 78 15 17
80 150 295 4 9 24 41 94
81 265 132 2 69 99
82 239 64 4 66 97 65 83
83 196 34 5 113 82 110 52 87
84 263 34 2 99 69
85 112 13 5 74 87 95 111 113
86 87 234 3 108 104 107
87 135 35 5 72 67 85 59 83
88 85 98 4 64 70 58 28
89 25 46 3 61 90 11
90 30 21 4 55 89 95 101
91 220 321 3 3 6 42
92 131 164 6 1 78 17 48 15 40
93 193 233 5 23 77 45 117 37
94 204 287 4 80 2 44 75
95 65 43 4 59 90 61 85
96 24 198 4 5 26 48 18
97 243 39 4 52 82 98 51
98 221 17 4 97 110 112 113
99 265 58 3 84 81 68
100 151 147 4 1 15 78 17
101 11 77 4 53 61 28 90
102 3 29 3 29 34 74
103 81 0 3 55 118 34
104 116 234 4 86 115 105 117
105 149 213 4 107 23 104 22
106 114 187 5 78 17 25 1 48
107 146 234 5 14 86 105 117 115
108 63 234 4 26 27 86 115
109 233 90 5 33 66 51 52 38
110 191 11 3 83 98 67
111 67 16 3 59 85 72
112 210 58 3 52 98 67
113 175 35 5 67 83 98 72 85
114 94 184 4 17 48 78 40
115 108 208 4 108 104 107 23
116 206 339 3 46 3 6
117 152 253 5 93 107 104 44 22
118 148 5 2 33 103
119 157 273 4 9 75 42 57
