135
0 385 59 5 15 14 115 33 104
1 370 92 3 32 5 83
2 366 66 6 57 31 33 114 132 65
3 261 123 3 19 44 54
4 315 74 6 41 95 66 10 133 132
5 379 87 3 114 1 119
6 178 88 2 7 86
7 186 95 3 6 20 55
8 352 52 6 30 56 33 85 118 133
9 159 106 2 80 66
10 303 85 3 122 121 4
11 298 49 2 41 133
12 237 96 3 46 45 102
13 409 13 2 49 74
14 392 55 4 22 0 48 75
15 395 72 4 0 22 24 48
16 275 133 3 28 34 82
17 349 32 2 134 85
18 254 111 5 110 44 53 27 19
19 276 113 6 3 34 129 69 82 18
20 192 89 3 7 72 47
21 414 49 4 124 104 113 125
22 403 71 5 14 15 43 112 114
23 393 83 2 24 115
24 400 80 5 23 15 114 125 103
25 216 93 7 116 71 111 45 79 102 117
26 226 90 5 79 117 45 102 116
27 272 101 4 69 129 100 18
28 279 144 3 16 60 87
29 146 106 2 123 66
30 341 46 4 8 120 106 134
31 362 75 4 32 83 2 118
32 363 87 7 31 1 119 132 101 114 57
33 368 54 7 58 0 2 8 73 81 134
34 278 125 5 35 16 19 60 89
35 284 115 5 34 82 129 109 87
36 291 67 4 99 41 123 122
37 306 155 5 64 40 91 94 61
38 319 155 5 39 64 130 93 63
39 324 160 4 38 91 94 40
40 304 163 3 130 37 39
41 308 62 4 11 4 36 84
42 277 59 2 131 51
43 254 128 2 22 48
44 253 120 4 3 18 82 69
45 235 105 4 70 12 26 25
46 245 92 5 12 53 77 110 70
47 196 99 6 55 20 71 111 86 116
48 404 56 6 14 112 104 43 15 124
49 415 24 4 126 13 104 127
50 432 72 3 125 76 124
51 253 67 3 78 42 70
52 275 71 3 123 80 99
53 254 94 4 46 69 80 18
54 263 139 2 60 3
55 182 105 3 7 47 72
56 350 44 3 8 81 134
57 357 67 6 2 118 58 32 133 134
58 365 40 3 33 59 57
59 379 42 3 73 58 105
60 271 146 5 54 28 82 88 34
61 301 132 5 89 87 62 90 37
62 309 139 5 64 61 92 88 130
63 340 160 3 94 91 38
64 314 148 6 108 38 62 37 90 87
65 310 45 3 84 118 2
66 330 75 5 9 4 29 106 67
67 328 95 6 96 95 97 132 66 98
68 341 109 3 97 98 95
69 265 98 5 110 27 53 19 44
70 233 112 4 45 102 46 51
71 210 99 3 25 72 47
72 201 89 4 20 71 86 55
73 375 32 2 59 33
74 402 31 5 126 113 104 127 13
75 397 41 3 105 104 14
76 434 60 2 50 103
77 238 81 4 117 46 79 131
78 263 64 2 51 131
79 220 85 3 26 25 77
80 259 79 3 9 53 52
81 245 123 3 56 85 33
82 268 128 5 16 44 60 19 35
83 353 92 4 31 1 119 132
84 320 45 3 65 133 41
85 357 39 3 8 17 81
86 171 102 3 6 47 72
87 293 135 6 61 88 28 35 64 128
88 290 144 5 60 87 90 89 62
89 295 126 6 34 61 128 88 109 129
90 302 146 3 61 64 88
91 320 167 6 39 37 107 93 63 108
92 316 131 4 62 108 128 131
93 332 155 3 94 38 91
94 332 163 6 93 39 63 107 108 37
95 323 85 4 4 67 68 106
96 321 105 2 67 121
97 337 102 3 68 67 121
98 333 110 3 68 67 106
99 283 71 3 36 52 100
100 285 89 4 123 27 122 99
101 248 139 2 32 115
102 228 100 4 70 12 26 25
103 417 69 4 76 112 124 24
104 404 45 6 21 48 75 74 0 49
105 391 32 3 75 59 127
106 338 73 7 66 118 132 95 133 30 98
107 329 170 2 94 91
108 323 143 5 64 92 94 130 91
109 290 48 3 131 35 89
110 247 107 3 69 18 46
111 209 89 2 25 47
112 412 63 4 48 22 103 125
113 412 36 2 21 74
114 385 81 6 5 24 115 22 32 2
115 382 69 4 0 114 101 23
116 220 100 3 25 26 47
117 227 82 3 26 77 25
118 349 69 6 31 57 65 106 8 120
119 359 98 3 32 83 5
120 335 54 3 30 133 118
121 309 100 4 10 96 128 97
122 294 91 4 10 100 129 36
123 279 78 5 100 29 52 36 129
124 421 53 4 21 50 48 103
125 424 65 4 50 112 21 24
126 418 31 2 49 74
127 401 24 3 74 105 49
128 307 119 4 89 121 92 87
129 282 103 6 19 27 35 122 123 89
130 312 166 4 40 38 108 62
131 284 53 5 78 109 42 77 92
132 342 90 6 32 67 106 83 4 2
133 325 55 7 11 84 120 4 106 8 57
134 345 38 5 17 56 30 33 57
