437
0 403 164 3 101 22 352
1 230 381 3 32 190 436
2 201 329 4 193 16 48 6
3 675 162 4 35 30 29 110
4 522 292 4 23 26 40 208
5 246 281 2 140 220
6 248 321 6 84 18 17 20 2 45
7 319 222 4 349 274 248 278
8 490 197 6 60 98 9 99 357 296
9 489 213 3 228 158 8
10 152 202 5 111 114 113 314 178
11 222 376 2 32 423
12 203 260 3 75 194 126
13 200 283 4 129 139 197 194
14 204 275 5 43 139 125 129 215
15 221 337 3 17 20 433
16 204 338 2 2 45
17 248 337 5 15 251 6 19 405
18 248 312 4 6 47 409 141
19 234 329 3 20 17 409
20 225 322 5 19 48 15 6 193
21 412 188 2 244 148
22 400 174 2 148 0
23 522 281 5 4 93 232 160 27
24 548 267 4 390 92 266 265
25 477 188 3 60 288 228
26 512 295 4 4 27 245 232
27 501 299 5 62 104 26 23 102
28 392 292 4 324 246 257 133
29 671 172 2 3 108
30 666 160 3 3 107 108
31 256 210 4 348 118 249 346
32 229 389 2 1 11
33 197 341 2 45 205
34 202 208 4 181 183 185 184
35 680 168 2 3 108
36 569 109 3 57 56 138
37 594 122 2 254 298
38 633 165 5 77 109 199 97 107
39 398 272 4 65 324 311 177
40 522 306 5 4 212 245 211 136
41 537 329 3 214 136 337
42 549 316 4 136 214 137 267
43 216 269 3 14 216 194
44 229 259 3 218 384 341
45 210 329 5 16 48 33 193 6
46 270 277 3 145 220 275
47 248 298 4 220 18 140 84
48 218 317 3 20 45 2
49 338 224 5 385 152 273 349 143
50 359 190 5 225 222 149 52 353
51 386 184 6 150 149 148 224 225 352
52 344 192 6 91 90 167 280 50 389
53 324 208 4 152 91 281 389
54 317 214 2 73 188
55 446 273 4 61 96 229 230
56 547 238 5 233 234 266 36 414
57 565 102 2 36 130
58 543 199 6 59 164 304 209 302 162
59 542 191 5 58 398 393 295 392
60 485 186 5 25 8 243 100 242
61 438 274 5 55 157 171 172 156
62 494 303 2 27 173
63 470 267 4 64 95 284 367
64 482 269 3 63 105 308
65 406 275 5 39 172 246 133 312
66 155 224 3 180 115 318
67 151 236 3 315 115 180
68 229 192 5 117 73 120 124 189
69 218 176 2 120 74
70 184 177 2 112 372
71 207 190 3 372 124 279
72 310 218 3 227 387 274
73 245 188 6 74 118 68 54 184 279
74 238 176 5 73 250 117 69 189
75 210 256 3 12 142 196
76 190 277 2 129 139
77 628 156 3 38 163 110
78 335 366 2 202 406
79 328 280 5 333 264 277 260 325
80 557 274 4 390 92 138 265
81 565 283 5 138 265 390 292 427
82 520 236 2 161 92
83 219 276 2 139 215
84 264 313 4 6 409 429 47
85 272 262 3 147 145 275
86 400 210 2 166 366
87 373 168 3 150 149 225
88 390 169 4 150 101 352 148
89 356 213 4 151 90 271 343
90 342 207 4 152 52 89 226
91 335 190 4 52 226 353 53
92 539 265 5 93 24 80 82 414
93 533 271 4 92 23 266 390
94 488 245 3 174 284 356
95 455 259 4 96 230 63 411
96 457 269 3 95 55 308
97 622 166 3 131 38 110
98 501 208 4 8 228 100 431
99 502 221 2 8 242
100 501 181 5 60 165 98 392 393
101 408 158 2 0 88
102 501 325 5 170 213 173 212 27
103 511 317 4 245 213 212 170
104 492 293 3 27 105 367
105 490 271 6 64 232 174 283 104 284
106 405 239 5 177 176 312 311 247
107 654 168 4 30 110 132 38
108 663 174 5 35 29 30 110 109
109 640 173 2 108 38
110 647 168 7 107 108 199 97 77 3 198
111 160 186 3 10 313 402
112 182 187 4 116 70 179 185
113 143 213 4 115 180 10 369
114 164 204 4 10 180 179 318
115 146 222 3 113 66 67
116 176 181 2 112 313
117 234 203 5 118 68 184 74 348
118 246 204 4 117 31 73 188
119 283 195 3 187 282 319
120 225 183 4 69 68 188 250
121 255 352 4 259 251 405 436
122 246 364 5 190 251 436 405 259
123 188 235 2 182 195
124 214 206 5 184 181 71 68 183
125 194 266 3 14 194 126
126 200 250 5 12 127 142 196 125
127 191 250 3 194 126 195
128 185 291 3 197 129 139
129 193 288 5 13 76 128 216 14
130 564 115 4 237 57 295 235
131 611 165 5 300 97 198 163 365
132 651 161 3 107 168 432
133 383 268 5 386 311 256 65 28
134 359 272 3 200 325 324
135 338 272 3 325 277 333
136 541 313 5 208 42 41 40 268
137 562 313 4 336 337 42 265
138 552 292 3 81 80 36
139 208 281 6 83 14 13 216 76 128
140 238 290 4 5 47 141 409
141 232 284 3 140 220 18
142 208 247 5 75 126 195 194 182
143 340 245 5 144 207 221 276 49
144 346 239 5 143 342 273 385 410
145 280 274 5 350 46 205 85 403
146 289 237 3 147 346 422
147 264 249 6 146 85 341 340 403 384
148 398 182 4 22 51 21 88
149 376 186 5 51 87 343 50 351
150 381 169 3 51 88 87
151 351 219 4 89 152 222 349
152 340 215 4 90 151 49 53
153 495 226 3 356 154 157
154 457 244 3 153 230 285
155 454 294 3 229 307 367
156 440 248 3 230 360 61
157 435 264 4 61 400 360 153
158 476 220 4 9 357 287 411
159 438 182 4 290 244 419 286
160 513 229 2 23 208
161 522 245 2 82 266
162 551 224 5 210 234 235 233 58
163 617 156 4 131 77 199 396
164 546 206 4 58 210 241 398
165 497 170 2 100 297
166 407 217 3 86 399 306
167 507 214 3 52 353 226
168 429 163 4 305 169 132 289
169 434 156 2 168 290
170 496 332 2 102 103
171 430 286 5 61 229 307 246 360
172 422 277 4 65 61 400 307
173 502 310 3 62 245 102
174 490 255 3 175 105 94
175 497 250 3 174 283 284
176 410 232 3 106 310 368
177 402 246 4 106 310 344 39
178 129 212 2 369 10
179 178 202 7 313 112 114 316 183 181 315
180 157 213 5 66 113 114 317 67
181 200 216 6 182 34 124 195 179 372
182 189 226 6 181 123 196 183 316 142
183 193 205 5 34 372 179 124 182
184 223 205 4 124 117 34 73
185 197 186 3 372 112 34
186 298 214 4 227 347 355 373
187 276 198 6 119 249 373 348 346 248
188 253 169 4 189 54 120 118
189 246 170 3 188 74 68
190 238 371 5 122 322 1 321 423
191 296 388 2 376 424
192 273 372 4 253 374 383 329
193 197 322 3 2 45 20
194 195 257 6 12 127 125 142 43 13
195 200 235 5 142 181 196 123 127
196 191 242 4 126 195 182 75
197 202 292 3 13 216 128
198 607 174 4 131 415 110 428
199 642 158 3 38 110 163
200 367 271 4 256 134 386 377
201 302 319 5 430 378 202 328 204
202 328 359 4 78 258 201 334
203 308 281 3 260 333 275
204 286 318 5 434 261 263 219 201
205 283 285 5 262 206 33 145 275
206 284 296 4 205 263 270 434
207 339 257 3 342 277 143
208 534 308 5 136 212 211 4 160
209 521 220 3 231 241 58
210 549 216 5 162 164 231 237 414
211 526 321 4 40 214 213 208
212 524 314 5 40 208 103 214 102
213 517 326 3 103 211 102
214 529 329 5 41 211 212 268 42
215 222 287 3 216 83 14
216 214 287 5 215 197 139 43 129
217 243 268 2 218 269
218 238 256 4 217 44 339 223
219 273 318 3 204 429 331
220 258 288 5 47 270 5 46 141
221 333 240 3 143 273 277
222 360 202 4 343 151 50 271
223 258 235 7 348 341 340 346 218 403 387
224 392 203 3 51 366 343
225 369 189 5 50 51 343 87 351
226 325 188 6 91 389 281 280 167 90
227 309 207 4 186 72 281 282
228 476 208 7 9 287 98 25 357 359 411
229 450 280 4 55 155 171 308
230 446 254 6 156 400 95 154 55 303
231 511 221 3 209 210 294
232 506 275 3 23 105 26
233 563 246 5 56 292 162 390 413
234 554 232 4 56 162 294 413
235 562 222 4 294 162 414 130
236 575 198 2 237 302
237 567 122 3 130 236 210
238 572 150 4 301 395 298 397
239 569 162 3 363 397 240
240 568 171 7 239 416 365 295 302 298 301
241 526 211 3 164 209 296
242 473 167 4 60 291 288 99
243 475 176 3 60 288 291
244 420 190 4 21 306 418 159
245 511 308 4 103 173 40 26
246 411 291 3 65 28 171
247 429 240 3 303 360 106
248 297 227 5 347 387 388 7 187
249 269 201 3 31 187 319
250 234 167 2 74 120
251 253 345 5 17 121 330 374 122
252 270 387 3 253 323 383
253 268 378 5 192 252 424 320 381
254 587 130 3 37 301 398
255 372 289 3 257 256 377
256 370 278 4 200 255 133 324
257 375 298 2 255 28
258 326 347 2 202 379
259 261 346 4 330 121 374 122
260 310 292 3 203 327 79
261 280 328 4 429 204 380 430
262 274 303 4 205 270 263 434
263 284 304 4 206 331 262 204
264 330 291 3 79 377 327
265 568 290 5 81 335 80 137 24
266 542 252 4 24 56 161 93
267 563 331 3 42 337 336
268 552 328 4 214 337 136 336
269 246 249 4 217 341 340 384
270 266 304 3 220 206 262
271 369 211 3 222 351 89
272 371 244 4 345 426 344 310
273 339 234 4 221 49 144 276
274 324 233 2 7 72
275 293 277 6 46 205 203 332 85 350
276 327 253 4 410 143 278 273
277 332 261 5 410 207 135 79 221
278 318 240 4 276 388 427 7
279 381 214 2 73 71
280 340 183 3 52 353 226
281 311 189 7 227 355 226 53 319 353 431
282 297 191 5 227 355 119 373 389
283 496 242 2 175 105
284 477 249 7 63 175 94 285 105 368 391
285 475 237 5 154 284 356 411 357
286 454 188 5 288 358 291 159 418
287 463 212 4 228 158 288 435
288 466 187 6 25 243 242 286 419 287
289 452 163 3 290 291 168
290 442 170 4 159 289 169 305
291 459 172 5 242 243 289 286 419
292 566 256 3 81 233 414
293 576 257 2 391 400
294 571 219 3 235 231 234
295 561 190 4 130 361 59 240
296 512 203 4 241 392 393 8
297 517 164 4 165 392 393 362
298 571 138 6 37 299 394 238 363 240
299 581 138 2 298 395
300 602 165 4 131 428 396 415
301 561 151 5 238 254 363 364 240
302 552 182 6 361 398 58 240 236 393
303 422 235 3 247 368 230
304 535 188 4 58 398 393 392
305 423 158 2 168 290
306 415 198 4 244 366 166 432
307 433 295 3 171 155 172
308 472 279 4 64 367 96 229
309 367 231 3 345 344 426
310 396 239 5 177 176 312 311 272
311 393 259 5 39 133 106 310 426
312 412 248 3 106 310 65
313 169 189 3 179 116 111
314 143 194 5 371 369 10 421 420
315 142 234 3 67 318 179
316 181 210 4 317 179 182 318
317 175 222 2 316 180
318 165 227 4 66 114 316 315
319 280 177 5 249 373 119 354 281
320 256 386 4 253 321 322 383
321 249 383 4 320 375 190 436
322 245 375 5 190 320 375 436 374
323 281 388 2 252 424
324 389 277 5 28 39 256 386 134
325 347 279 4 135 134 377 79
326 320 338 2 379 328
327 313 301 3 260 264 333
328 315 325 5 334 201 406 326 434
329 288 356 5 408 381 407 382 192
330 269 341 3 259 251 429
331 292 304 3 263 434 219
332 308 257 2 403 275
333 319 279 5 79 203 327 135 410
334 309 315 3 202 328 378
335 568 302 3 265 336 337
336 573 315 4 137 335 267 268
337 568 324 5 137 268 335 267 41
338 228 242 2 339 384
339 237 239 4 218 338 340 341
340 248 237 4 269 339 223 147
341 253 244 5 147 269 223 339 44
342 351 245 2 207 144
343 372 201 5 222 149 225 89 224
344 380 242 5 177 309 272 386 425
345 375 235 3 272 309 425
346 277 221 5 347 31 223 146 187
347 289 225 4 346 248 186 403
348 260 217 4 31 223 187 117
349 314 229 4 7 49 151 351
350 301 253 2 145 275
351 384 204 4 149 271 225 349
352 396 159 3 0 88 51
353 338 174 6 91 280 167 389 50 281
354 302 176 3 355 389 319
355 304 185 4 281 282 354 186
356 467 234 3 153 94 285
357 485 223 4 158 228 285 8
358 443 198 5 359 419 432 286 417
359 449 206 3 358 228 412
360 430 251 4 156 157 247 171
361 569 193 3 295 416 302
362 540 163 2 297 398
363 561 159 4 239 301 298 365
364 584 153 3 397 301 415
365 583 166 6 240 397 428 415 363 131
366 412 209 4 399 306 86 224
367 475 291 5 308 104 155 63 391
368 419 242 3 303 176 284
369 132 203 4 178 314 113 401
370 130 176 3 420 421 371
371 142 183 4 314 401 402 370
372 199 196 5 185 70 71 183 181
373 282 186 4 187 319 282 186
374 262 361 4 251 259 192 322
375 240 389 2 321 322
376 289 384 3 191 383 382
377 349 290 4 264 325 255 200
378 300 327 3 201 434 334
379 310 344 3 258 406 326
380 289 345 3 407 381 261
381 288 364 4 329 383 380 253
382 297 376 3 376 424 329
383 287 375 7 192 376 381 424 252 408 320
384 235 266 4 44 269 338 147
385 345 227 3 49 144 387
386 376 262 5 133 426 200 324 344
387 304 224 4 72 248 385 223
388 309 242 2 278 248
389 322 179 6 226 353 354 282 52 53
390 556 263 6 24 80 81 233 93 414
391 576 265 3 293 284 367
392 516 182 5 100 297 304 296 59
393 524 184 6 100 304 59 297 296 302
394 563 129 2 395 298
395 571 130 3 299 394 238
396 600 177 2 300 163
397 577 162 5 239 365 364 238 416
398 544 181 6 59 304 254 362 302 164
399 416 217 2 366 166
400 427 258 4 157 230 172 293
401 134 185 4 371 421 420 369
402 151 177 3 371 111 421
403 289 251 6 145 147 332 422 347 223
404 230 351 3 433 405 436
405 241 349 4 17 121 404 122
406 307 337 3 78 379 328
407 280 342 3 429 380 329
408 295 352 2 329 383
409 233 308 4 19 18 140 84
410 320 255 4 277 276 333 144
411 485 233 4 285 158 228 95
412 445 215 4 359 419 435 432
413 572 241 3 234 233 414
414 564 236 7 235 56 292 390 413 210 92
415 592 176 4 198 300 365 364
416 578 179 4 240 361 397 428
417 432 217 2 358 435
418 432 189 4 432 244 419 286
419 441 190 6 358 288 418 159 291 412
420 124 181 3 370 401 314
421 138 176 4 401 370 314 402
422 294 243 2 403 146
423 227 364 4 11 190 436 433
424 278 382 5 253 382 383 323 191
425 360 241 3 426 344 345
426 373 251 5 386 272 425 309 311
427 312 250 2 278 81
428 593 165 4 300 416 365 198
429 275 335 5 261 330 407 219 84
430 300 312 3 201 434 261
431 388 218 2 281 98
432 430 202 5 418 132 358 306 412
433 221 354 3 404 423 15
434 294 317 7 204 430 378 206 331 328 262
435 439 220 3 417 412 287
436 236 362 7 122 121 322 404 423 1 321
