137
0 403 164 3 29 14 71
1 230 381 2 59 79
2 201 329 3 26 47 80
3 675 162 3 57 21 61
4 522 292 6 85 88 16 94 119 45
5 246 281 5 25 134 100 47 133
6 248 321 5 134 13 26 47 82
7 319 222 2 43 84
8 490 197 5 54 129 53 70 105
9 152 202 5 36 111 75 128 39
10 203 260 3 46 11 19
11 200 283 4 10 99 39 38
12 221 337 4 26 13 116 134
13 251 342 5 6 117 59 12 79
14 412 188 5 131 0 30 72 135
15 548 267 3 44 32 119
16 501 299 4 4 74 55 64
17 392 292 5 95 22 98 63 101
18 256 210 6 120 58 38 96 100 66
19 202 208 5 76 10 60 96 112
20 569 109 2 32 85
21 633 165 4 3 126 91 125
22 398 272 5 35 62 17 56 73
23 537 329 2 119 74
24 229 259 2 100 120
25 270 277 7 5 83 67 115 118 80 116
26 218 317 4 12 2 6 59
27 338 224 5 65 49 87 121 28
28 359 190 3 50 30 27
29 385 160 2 30 0
30 386 184 6 29 14 28 48 121 71
31 446 273 3 73 69 68
32 547 238 6 123 15 20 86 92 109
33 543 199 5 124 86 109 92 123
34 470 267 4 55 69 127 73
35 416 255 3 22 95 101
36 155 224 3 9 112 76
37 229 192 6 40 38 76 58 120 75
38 218 176 3 11 37 18
39 184 177 3 11 76 9
40 238 176 3 37 96 113
41 352 299 3 84 63 98
42 335 366 2 80 83
43 328 280 3 7 103 81
44 565 283 4 15 85 88 45
45 520 236 2 44 4
46 219 276 2 10 76
47 264 306 5 83 2 6 5 117
48 400 210 3 131 30 135
49 356 213 3 50 27 102
50 343 199 5 28 49 87 121 65
51 511 252 2 88 123
52 488 245 4 55 70 69 127
53 502 221 2 8 93
54 501 181 5 8 110 108 124 135
55 490 271 6 88 16 34 52 85 68
56 405 239 3 22 101 95
57 654 168 3 3 126 91
58 283 195 6 18 113 77 104 37 67
59 246 364 6 1 26 13 114 116 78
60 188 235 2 19 111
61 611 165 3 3 126 91
62 379 267 5 22 63 98 65 101
63 359 272 4 62 41 103 17
64 562 313 3 85 119 16
65 340 245 4 27 103 62 50
66 289 237 2 67 18
67 264 249 6 66 100 25 58 96 120
68 454 294 3 127 31 55
69 436 248 3 31 34 52
70 476 220 3 8 52 135
71 438 182 6 0 72 135 105 131 30
72 429 163 3 71 106 14
73 430 286 4 31 95 22 34
74 514 314 4 16 85 94 23
75 129 212 3 9 132 37
76 178 202 8 19 39 46 36 111 99 132 37
77 298 214 3 120 58 87
78 296 388 2 79 59
79 273 372 5 116 114 78 13 1
80 302 319 6 2 42 82 133 117 25
81 308 281 4 43 115 83 118
82 283 321 4 80 83 116 6
83 284 296 6 47 25 82 42 81 134
84 333 300 4 41 115 7 103
85 534 308 6 4 44 74 64 20 55
86 549 217 4 33 32 107 91
87 325 188 5 50 104 27 77 113
88 509 276 5 4 55 51 127 44
89 575 198 3 91 125 130
90 572 150 3 91 126 130
91 568 171 8 57 61 21 90 109 89 124 86
92 526 211 3 129 32 33
93 473 167 3 53 105 106
94 495 322 2 74 4
95 411 291 5 17 73 35 56 127
96 255 167 4 40 18 19 67
97 580 132 2 130 109
98 372 289 4 62 17 41 103
99 223 294 2 11 76
100 246 249 4 67 24 5 18
101 371 244 5 56 103 62 35 17
102 310 238 2 103 49
103 332 261 7 43 65 63 102 84 101 98
104 305 190 4 87 58 121 120
105 466 187 4 93 8 71 136
106 452 163 4 72 93 131 135
107 571 219 3 123 86 109
108 517 164 4 54 125 129 109
109 552 182 7 33 91 107 108 97 126 32
110 495 163 2 54 125
111 167 185 4 9 60 76 112
112 175 222 3 36 111 19
113 279 174 4 58 40 120 87
114 256 386 2 59 79
115 313 301 3 84 81 25
116 288 356 6 79 117 82 59 12 25
117 269 341 5 13 80 116 47 134
118 308 257 2 81 25
119 555 331 4 23 64 4 15
120 277 221 7 18 77 104 113 67 37 24
121 338 174 4 50 104 30 27
122 458 215 2 135 136
123 567 244 4 32 107 33 51
124 530 186 6 33 54 125 129 91 126
125 540 163 5 21 108 124 110 89
126 587 165 6 57 61 21 90 109 124
127 475 291 5 68 88 34 52 95
128 130 176 2 132 9
129 509 202 4 8 92 108 124
130 562 128 3 97 90 89
131 418 207 5 14 48 136 71 106
132 150 176 3 76 128 75
133 317 332 2 80 5
134 236 307 5 6 5 12 117 83
135 440 201 7 71 70 122 14 106 48 54
136 434 218 3 131 122 105
