354
0 30 306 5 8 153 26 112 344
1 156 167 4 159 65 84 292
2 238 290 3 10 35 9
3 243 323 4 4 323 289 290
4 241 312 4 3 10 34 233
5 27 149 5 15 140 50 98 141
6 33 176 4 17 7 19 190
7 38 168 3 6 50 141
8 37 294 5 0 32 269 128 115
9 261 282 3 287 2 130
10 240 298 4 2 4 287 323
11 221 266 3 130 131 288
12 227 167 4 102 67 176 157
13 176 294 5 90 87 296 350 324
14 121 339 2 91 89
15 12 154 3 49 5 138
16 22 131 4 46 140 95 98
17 27 184 4 18 6 100 298
18 17 183 3 17 190 138
19 17 169 4 50 49 138 6
20 37 97 4 59 58 21 264
21 49 98 5 20 137 99 189 263
22 41 326 4 62 26 32 153
23 56 338 3 61 24 25
24 28 343 2 23 62
25 26 324 5 26 62 153 112 23
26 27 315 5 25 0 22 113 269
27 175 207 2 37 322
28 183 167 5 185 65 236 53 159
29 164 121 4 158 194 261 273
30 105 163 5 118 167 121 315 349
31 9 264 2 229 73
32 47 295 4 8 74 22 127
33 30 254 3 73 41 127
34 263 311 2 4 287
35 238 282 4 2 130 287 288
36 264 219 2 322 342
37 173 233 4 291 294 27 342
38 167 294 5 90 39 87 296 350
39 161 315 3 92 85 38
40 2 183 2 51 188
41 34 240 5 42 33 43 297 316
42 42 235 3 41 173 298
43 27 223 4 94 135 230 41
44 0 221 2 94 135
45 27 115 5 46 59 107 95 98
46 24 122 4 16 45 139 108
47 3 144 2 52 51
48 53 122 4 96 99 137 189
49 21 157 4 15 100 19 140
50 32 162 4 7 100 5 19
51 0 169 3 40 47 244
52 3 136 4 47 244 310 172
53 204 167 3 178 102 28
54 238 145 4 143 117 144 104
55 244 0 4 56 303 352 327
56 254 3 3 55 57 346
57 255 10 3 56 352 303
58 33 91 5 20 263 108 189 99
59 32 105 7 20 108 45 99 189 263 106
60 6 1 2 268 313
61 49 327 2 23 73
62 26 332 3 24 25 22
63 179 197 3 116 64 191
64 182 188 4 63 185 236 183
65 170 167 5 28 1 336 240 178
66 238 211 4 186 80 154 179
67 232 159 4 12 117 78 143
68 255 203 3 186 154 80
69 160 98 6 261 158 258 207 273 205
70 142 125 2 217 273
71 76 137 2 275 220
72 0 253 2 172 173
73 29 266 5 61 31 128 33 269
74 59 295 3 32 115 335
75 106 295 4 317 175 213 211
76 112 321 4 213 335 317 344
77 216 199 2 236 176
78 233 179 5 157 67 176 102 236
79 251 224 3 80 179 186
80 236 219 4 81 79 66 68
81 234 227 5 80 179 83 82 186
82 241 257 4 131 130 81 287
83 215 233 4 81 243 235 131
84 144 168 5 237 1 274 238 204
85 174 311 4 90 87 39 324
86 181 325 3 234 133 91
87 181 302 5 13 132 85 38 242
88 148 325 3 91 89 338
89 144 339 3 134 88 14
90 172 300 7 13 38 85 92 132 295 351
91 154 330 4 86 134 88 14
92 159 306 4 39 90 241 350
93 79 168 4 187 164 341 141
94 16 222 4 136 43 44 298
95 11 127 3 16 139 45
96 66 127 2 48 171
97 61 168 2 187 141
98 38 133 4 16 5 45 139
99 50 107 5 21 48 59 58 171
100 25 167 5 49 50 17 138 141
101 211 125 6 192 104 144 329 328 145
102 216 167 3 12 53 78
103 235 111 4 104 144 197 147
104 238 121 4 54 103 101 146
105 222 40 4 248 330 307 331
106 9 101 2 107 59
107 16 98 4 106 108 264 45
108 24 96 4 107 58 59 46
109 49 5 2 152 110
110 28 1 5 111 265 348 109 276
111 27 10 5 110 227 152 267 209
112 13 298 3 25 269 0
113 2 305 3 114 153 26
114 2 313 2 113 129
115 68 295 4 74 211 8 317
116 169 195 2 63 183
117 235 152 3 54 67 157
118 114 162 5 30 272 341 292 165
119 122 123 4 215 219 273 221
120 131 139 4 151 272 274 167
121 94 166 4 341 30 187 220
122 81 31 4 319 281 245 279
123 115 98 3 221 160 215
124 28 67 4 126 125 262 228
125 47 65 3 124 284 263
126 28 53 5 124 226 283 309 311
127 32 282 4 128 269 33 32
128 30 274 4 73 127 8 229
129 3 270 3 114 229 297
130 241 270 4 35 11 82 9
131 239 247 4 82 179 11 83
132 186 308 4 87 324 296 90
133 185 334 2 86 338
134 156 339 3 89 91 338
135 25 215 4 43 298 44 136
136 7 217 3 94 135 230
137 57 98 4 21 171 48 222
138 10 172 4 18 100 19 15
139 11 135 4 95 140 46 98
140 24 142 4 5 16 139 49
141 48 168 5 7 100 97 5 93
142 198 99 4 202 192 329 328
143 218 135 2 54 67
144 239 130 3 54 103 101
145 181 128 2 194 101
146 257 104 3 197 104 147
147 228 99 5 299 103 328 329 146
148 206 33 5 247 250 199 248 306
149 155 35 3 257 150 260
150 140 35 4 218 308 149 333
151 149 141 3 204 292 120
152 39 10 5 109 111 348 318 282
153 14 306 5 0 25 113 269 22
154 238 195 3 68 176 66
155 265 197 2 177 193
156 265 164 2 177 193
157 257 170 3 78 117 12
158 161 106 3 29 69 202
159 154 159 7 1 204 274 240 28 238 336
160 129 98 3 161 123 273
161 140 98 4 160 207 261 162
162 138 69 2 206 161
163 122 57 2 214 218
164 81 157 3 93 275 167
165 109 137 2 220 118
166 106 112 4 215 221 219 222
167 101 155 5 30 220 164 120 341
168 106 32 5 170 169 279 280 223
169 109 20 4 208 168 218 319
170 113 35 4 218 168 224 208
171 73 98 5 137 189 277 96 99
172 1 229 2 72 52
173 52 234 4 42 297 316 72
174 126 295 4 175 335 317 184
175 118 295 4 75 174 241 212
176 236 187 5 12 78 154 186 77
177 265 175 2 155 156
178 193 167 4 53 185 236 65
179 234 236 5 81 79 131 66 243
180 162 207 2 286 294
181 134 188 2 237 182
182 142 193 4 181 240 339 239
183 159 192 3 116 240 64
184 150 295 3 350 241 174
185 184 177 3 28 64 178
186 238 203 5 68 66 176 81 79
187 71 168 4 93 97 121 275
188 0 210 2 244 40
189 65 98 6 21 48 171 222 58 59
190 25 192 3 18 298 6
191 205 197 2 236 63
192 201 117 3 101 194 142
193 265 132 3 156 155 195
194 184 112 5 145 203 29 192 258
195 264 99 3 326 193 200
196 239 64 3 301 246 340
197 245 107 4 146 103 299 328
198 208 51 4 307 306 248 249
199 196 34 7 148 253 259 307 251 257 300
200 263 34 2 256 195
201 248 34 4 346 331 330 332
202 179 97 6 158 203 258 142 261 207
203 188 98 4 194 202 329 328
204 152 151 3 159 151 84
205 151 69 2 206 69
206 154 78 5 162 205 207 261 258
207 156 89 4 206 69 161 202
208 112 13 3 169 280 170
209 54 14 3 111 318 348
210 87 234 4 297 316 232 337
211 78 295 3 115 335 75
212 101 307 4 213 317 335 175
213 104 319 3 76 212 75
214 111 59 3 163 223 319
215 119 114 6 119 166 216 123 217 277
216 108 121 3 215 219 221
217 132 125 3 215 70 219
218 126 35 4 170 150 163 169
219 113 127 4 119 216 166 217
220 103 147 5 165 167 71 272 121
221 104 99 5 123 166 216 277 119
222 85 98 4 166 277 189 137
223 105 54 3 214 224 168
224 103 45 4 170 223 279 319
225 74 41 5 319 245 279 281 266
226 25 46 4 126 312 282 284
227 30 21 4 111 282 348 312
228 14 58 3 309 312 124
229 0 262 3 31 129 128
230 12 229 3 43 136 298
231 156 233 6 291 293 322 294 342 353
232 106 233 3 270 285 210
233 220 321 3 323 4 344
234 190 325 2 86 338
235 191 233 3 83 294 291
236 201 183 6 77 64 78 178 191 28
237 139 180 4 84 181 240 239
238 131 164 5 239 84 272 292 159
239 120 186 4 238 237 182 325
240 157 183 5 65 237 183 182 159
241 138 295 4 175 184 92 351
242 204 287 3 288 295 87
243 204 233 3 83 294 179
244 1 198 4 52 51 188 314
245 65 43 4 225 284 122 318
246 238 76 6 196 299 332 329 249 328
247 214 24 5 148 251 255 300 254
248 214 37 4 105 148 198 251
249 220 60 3 198 330 246
250 205 26 4 148 251 253 300
251 207 18 6 247 250 248 252 199 305
252 193 15 4 253 251 300 259
253 196 23 5 250 252 199 306 333
254 230 3 2 327 247
255 221 17 2 305 247
256 265 58 2 200 326
257 164 35 4 149 333 308 199
258 168 97 4 69 202 194 206
259 185 34 5 306 199 333 308 252
260 152 16 2 308 149
261 152 98 5 69 206 161 29 202
262 11 77 4 309 264 124 311
263 29 83 5 58 125 264 59 21
264 21 81 4 107 263 262 20
265 59 0 2 278 110
266 3 29 3 268 313 225
267 14 14 4 111 282 311 348
268 5 20 2 266 60
269 28 295 6 8 112 73 127 153 26
270 96 234 4 232 297 316 337
271 120 139 2 272 292
272 117 148 5 118 220 271 120 238
273 139 113 5 160 70 69 119 29
274 142 159 4 84 159 292 120
275 79 146 4 164 71 187 341
276 81 0 2 278 110
277 96 98 4 221 222 171 215
278 89 8 4 276 265 327 347
279 97 35 4 168 224 122 225
280 97 19 4 208 168 319 281
281 73 22 4 122 318 225 280
282 32 29 5 227 267 283 226 152
283 34 40 5 126 282 312 284 348
284 51 43 4 125 245 283 226
285 116 234 4 232 321 316 337
286 149 213 3 180 322 293
287 252 288 5 10 35 9 34 82
288 219 287 3 242 35 11
289 214 327 2 338 3
290 201 320 2 344 3
291 164 233 5 37 231 235 343 345
292 140 148 6 151 238 274 271 1 118
293 146 234 4 231 286 345 343
294 183 233 5 37 235 243 231 180
295 193 287 4 296 242 324 90
296 185 290 5 13 295 38 132 351
297 63 234 5 129 173 41 210 270
298 24 207 6 135 190 94 230 17 42
299 233 90 4 147 197 246 340
300 210 11 5 250 252 305 247 199
301 239 56 5 196 330 331 332 352
302 187 5 2 327 347
303 244 8 4 55 304 57 308
304 235 18 2 303 352
305 224 10 3 255 300 251
306 198 44 4 198 148 259 253
307 200 53 3 198 199 105
308 154 25 5 257 260 150 259 303
309 9 68 3 228 262 126
310 0 68 2 52 313
311 10 41 4 312 267 126 262
312 17 44 5 226 283 228 311 227
313 0 41 3 310 266 60
314 95 189 4 244 315 349 334
315 98 182 4 325 341 314 30
316 77 234 5 173 270 210 285 41
317 96 295 5 75 212 115 174 76
318 67 16 5 281 245 209 319 152
319 87 36 7 122 224 280 225 318 169 214
320 108 198 2 325 339
321 126 234 3 285 345 343
322 151 222 6 231 286 345 343 27 36
323 230 318 4 233 3 10 338
324 193 315 4 132 85 13 295
325 112 189 5 315 239 320 334 349
326 264 91 2 195 256
327 216 2 4 302 254 55 278
328 216 97 6 147 197 142 203 101 246
329 208 97 5 147 203 142 101 246
330 237 47 5 301 105 201 249 340
331 242 40 3 201 301 105
332 258 63 4 246 340 301 201
333 172 35 4 257 259 150 253
334 98 198 3 339 314 325
335 87 295 5 74 211 212 76 174
336 176 136 2 65 159
337 108 208 3 270 285 210
338 206 339 6 234 133 289 323 134 88
339 122 198 3 182 320 334
340 249 66 5 196 299 332 330 352
341 92 174 7 315 93 121 118 275 349 167
342 152 253 5 343 231 345 37 36
343 150 244 6 291 322 293 321 342 353
344 210 321 4 233 290 76 0
345 137 234 5 321 322 293 342 291
346 253 28 3 201 352 56
347 148 5 2 302 278
348 41 22 6 152 227 209 283 110 267
349 103 189 4 314 341 325 30
350 160 288 5 184 13 38 351 92
351 157 273 4 241 350 90 296
352 254 18 6 55 57 304 346 301 340
353 159 258 2 343 231
